Version 0.9.7
7
 4 10 175 77 128 0 1
 5 80 400 206 81 2 2
 0 140 226 877 276 8 3
 1 241 507 206 81 214 9
 1 279 29 206 81 234 11
 3 535 526 203 58 266 13
 6 676 6 449 130 275 14
 0
42
 255 5 71 189 71 189 71 123 193 123 193 240 193 240 0 1 0 3
 255 5 71 202 71 202 133 202 133 474 193 474 193 474 0 1 0 3
 255 5 284 292 284 292 284 292 284 240 284 240 284 240 0 3 0 3
 0 5 71 288 71 288 71 487 71 487 193 487 193 487 0 1 0 3
 0 5 71 275 71 275 92 275 92 253 193 253 193 253 0 1 0 3
 0 5 427 435 427 435 427 435 427 487 427 487 427 487 0 3 0 3
 0 5 245 253 245 253 277 253 277 98 294 98 294 98 0 3 0 11
 0 5 206 487 206 487 256 487 256 487 256 576 256 576 0 3 0 9
 255 5 219 474 219 474 219 518 219 518 256 518 256 518 0 3 0 9
 4259584 5 310 435 310 435 373 435 373 435 373 518 373 518 0 3 0 9
 4259584 5 323 435 323 435 323 413 392 413 392 518 392 518 0 3 0 9
 4259584 5 336 435 336 435 411 435 411 435 411 518 411 518 0 3 0 9
 4259584 5 349 435 349 435 430 435 430 435 430 518 430 518 0 3 0 9
 16776960 5 297 396 297 396 297 518 297 518 354 518 354 518 0 3 0 9
 16776960 5 297 331 297 226 261 226 261 488 335 488 335 518 0 3 0 9
 16776960 5 316 518 316 497 275 497 275 237 323 237 323 331 0 9 0 3
 16776960 5 297 518 246 518 246 219 349 219 349 331 349 331 0 9 0 3
 8388863 5 284 396 284 396 231 396 231 3 468 3 468 40 0 3 0 11
 8388863 5 310 292 243 292 243 11 449 11 449 40 449 40 0 3 0 11
 8388863 5 336 292 255 292 255 21 430 21 430 40 430 40 0 3 0 11
 8388863 5 411 40 411 40 411 32 266 32 266 292 362 292 0 11 0 3
 255 5 596 240 596 240 596 33 596 33 692 33 692 33 0 3 0 14
 255 5 739 292 739 292 739 292 739 240 739 240 739 240 0 3 0 3
 0 5 830 435 830 435 830 435 830 487 830 487 830 487 0 3 0 3
 16711680 5 388 396 388 396 388 407 817 407 817 396 817 396 0 3 0 3
 16711680 5 401 396 401 396 401 417 739 417 739 396 739 396 0 3 0 3
 16711680 5 414 396 414 396 414 400 752 400 752 396 752 396 0 3 0 3
 16711680 5 427 331 427 331 427 350 804 350 804 396 804 396 0 3 0 3
 0 5 505 487 505 487 505 563 505 563 546 563 546 563 0 3 0 13
 8388736 5 739 435 739 435 739 570 739 570 701 570 701 570 0 3 0 13
 8388736 5 752 435 752 435 752 462 793 462 793 570 681 570 0 3 0 13
 8388736 5 804 435 804 435 804 570 804 570 721 570 721 570 0 3 0 13
 8388736 5 817 435 817 435 817 570 817 570 661 570 661 570 0 3 0 13
 16711680 5 362 396 362 396 362 329 345 329 345 40 335 40 0 3 0 11
 16711680 5 375 396 375 396 402 396 402 40 354 40 354 40 0 3 0 11
 65535 5 778 292 778 292 778 141 1025 141 1025 129 1025 129 0 3 0 14
 65535 5 791 292 791 292 791 149 1038 149 1038 129 1038 129 0 3 0 14
 65535 5 804 292 804 292 804 159 1051 159 1051 129 1051 129 0 3 0 14
 65535 5 817 292 817 292 817 167 1064 167 1064 129 1064 129 0 3 0 14
 65535 5 830 292 830 292 830 177 1077 177 1077 129 1077 129 0 3 0 14
 65535 5 752 292 752 292 752 187 1090 187 1090 129 1090 129 0 3 0 14
 65535 5 765 292 765 292 765 204 1103 204 1103 129 1103 129 0 3 0 14
2
 7181 1 24 278 344 5 0 0 8583448 3
 7047 1 16 733 344 5 0 0 8583448 3
