Version 0.9.7
5
 4 10 175 77 128 0 1
 5 80 400 206 81 2 2
 0 284 113 877 276 8 3
 1 303 440 206 81 140 4
 3 557 457 203 58 164 6
 0
29
 8454143 5 71 189 71 189 71 127 71 127 337 127 337 127 0 1 0 3
 16744448 5 71 288 71 288 71 374 71 374 337 374 337 374 0 1 0 3
 8454143 5 337 361 337 361 333 361 333 151 350 151 350 127 0 3 0 3
 8454143 5 350 179 350 179 361 179 361 127 363 127 363 127 0 3 0 3
 16744703 5 363 218 363 218 323 218 323 289 389 289 389 283 0 3 0 3
 8388863 5 350 283 350 342 363 342 363 451 359 451 359 451 0 3 0 4
 8388863 5 363 283 363 294 371 294 371 451 378 451 378 451 0 3 0 4
 8388863 5 397 451 397 451 390 451 390 283 402 283 402 283 0 4 0 3
 4259584 5 318 451 318 451 340 451 340 376 350 376 350 361 0 4 0 3
 4259584 5 318 509 318 509 321 509 321 423 402 423 402 361 0 4 0 3
 4259584 5 359 464 359 403 466 403 466 283 467 283 467 283 0 4 0 3
 65535 5 467 179 467 179 467 179 467 127 467 127 467 127 0 3 0 3
 16744703 5 376 218 376 198 439 198 439 283 428 283 428 283 0 3 0 3
 0 5 568 494 568 494 544 494 544 374 545 374 545 374 0 6 0 3
 0 5 428 374 428 374 428 374 428 322 428 322 428 322 0 3 0 3
 0 5 480 283 480 283 480 295 571 295 571 283 571 283 0 3 0 3
 0 5 428 296 428 296 428 303 493 303 493 283 493 283 0 3 0 3
 0 5 519 322 519 322 519 374 519 374 532 374 532 374 0 3 0 3
 0 5 649 322 649 322 649 322 649 361 649 361 649 361 0 3 0 3
 0 5 506 283 506 308 634 308 634 205 623 205 623 205 0 3 0 3
 0 5 597 283 597 283 597 283 597 218 597 218 597 218 0 3 0 3
 0 5 584 283 518 283 518 183 415 183 415 218 415 218 0 3 0 3
 0 5 610 218 610 218 610 501 610 501 603 501 603 501 0 3 0 6
 0 5 532 218 532 218 532 218 571 218 571 218 571 218 0 3 0 3
 0 5 558 179 558 179 558 179 558 127 558 127 558 127 0 3 0 3
 0 5 389 218 389 218 389 218 480 218 480 218 480 218 0 3 0 3
 12615680 5 545 283 545 283 545 283 415 283 415 283 415 283 0 3 0 3
 12615680 5 71 249 71 249 71 591 623 591 623 501 623 501 0 1 0 6
 12615680 5 71 228 71 228 71 53 643 53 643 501 643 501 0 1 0 6
3
 7008 1 14 344 231 5 0 0 8583448 3
 7004 1 14 461 231 5 0 0 8583448 3
 7032 1 14 565 231 5 0 0 8583448 3
